14
50
9
67
54
43
63
31
23
56
31
42
13
31
46
63
25
40
42
17
5
5
47
39
39
10
49
15
62
67
76
61
49
68
37
12
19
77
77
62
71
70
70
53
6
61
26
62
61
61
6
42
39
31
4
14
24
13
30
62
2
4
31
49
31
4
52
30
17
38
71
76
71
76
20
76
45
17
9
8
71
22
36
39
61
58
30
0
69
22
70
2
70
26
62
61
6
61
6
61
36
70
70
24
26
11
39
39
39
47
15
39
17
1
18
1
36
37
37
37
52
16
0
43
23
25
31
31
2
7
13
19
37
54
50
7
13
20
32
62
61
40
15
31
37
23
19
26
63
5
68
31
13
63
52
72
39
13
63
59
56
23
62
7
63
62
31
63
71
71
76
31
31
17
38
17
17
24
78
62
61
62
70
6
6
6
26
23
22
62
62
40
61
33
6
33
22
27
79
26
56
4
39
46
39
7
39
39
52
39
75
6
16
37
31
61
49
31
61
61
37
26
76
71
61
6
71
71
26
17
19
77
76
23
23
23
23
45
26
23
33
8
53
75
1
39
37
67
44
31
49
13
7
51
13
36
13
66
66
66
66
77
20
66
27
27
15
66
23
1
74
13
39
19
9
5
27
59
66
63
15
20
14
74
63
75
25
62
5
27
27
27
49
11
8
76
17
14
17
21
76
17
76
37
62
69
70
62
30
6
6
6
30
53
61
69
22
22
22
45
39
39
15
74
12
77
39
12
14
79
55
39
46
29
57
4
69
4
27
13
59
19
27
70
37
16
67
50
16
35
55
61
61
15
13
18
79
37
16
37
39
37
23
23
23
23
73
9
32
77
70
77
77
77
76
20
33
18
8
63
67
45
25
16
62
51
68
71
71
17
48
71
16
76
30
76
5
15
63
56
56
76
56
62
40
5
78
73
32
42
63
37
13
28
37
48
48
63
37
31
40
66
29
40
27
41
48
43
15
75
0
5
11
31
13
66
42
69
60
73
66
51
3
37
13
41
24
8
64
49
59
57
29
39
27
21
31
74
63
45
76
63
44
62
31
23
23
19
23
23
3
40
23
52
77
23
33
37
22
16
15
16
10
61
18
61
37
63
63
5
15
56
8
37
62
26
63
5
35
62
62
31
22
67
56
63
63
27
27
2
56
39
77
30
20
45
74
39
39
39
39
52
5
2
71
71
76
57
26
36
76
13
13
29
59
28
28
61
68
16
36
22
50
50
64
22
61
30
6
0
0
36
58
67
75
59
20
74
43
23
69
4
76
59
31
47
32
15
15
27
32
63
65
1
15
63
4
33
3
54
66
41
21
74
23
15
74
9
56
27
40
74
40
8
5
56
5
40
63
8
66
74
56
26
26
66
22
26
63
22
12
59
6
6
0
22
61
61
64
6
22
71
18
36
0
77
70
23
63
23
23
52
23
25
23
5
23
57
37
37
55
69
16
39
57
67
72
25
23
18
39
17
71
76
22
47
71
17
17
21
32
17
22
37
55
61
15
61
16
66
61
79
39
39
40
57
39
30
77
59
36
14
12
67
32
8
56
30
60
23
36
54
16
31
61
60
58
10
2
77
28
10
77
19
6
22
61
36
61
61
22
68
61
36
56
5
22
63
56
63
8
49
8
63
27
4
25
25
74
62
56
27
34
8
23
42
34
34
5
34
5
29
65
25
63
52
15
51
59
77
5
79
79
40
4
4
42
15
73
13
23
39
63
5
79
60
11
1
8
48
37
21
29
18
63
31
74
47
71
5
17
17
69
35
30
26
76
17
30
15
75
39
74
39
40
53
55
55
61
37
47
50
37
55
32
3
9
76
67
77
79
54
41
20
34
15
11
77
58
47
64
37
40
61
73
36
36
70
61
57
63
0
45
22
6
22
36
63
5
63
56
56
7
63
63
5
15
42
26
5
56
40
70
66
47
62
40
25
61
62
56
15
31
63
65
39
74
52
60
26
12
43
15
78
62
54
15
73
78
8
7
63
21
78
20
10
56
65
29
54
15
60
63
66
17
31
31
43
75
73
1
71
66
30
10
7
71
30
46
39
51
57
61
67
8
31
61
6
30
50
61
61
61
67
55
49
16
18
28
76
39
72
17
67
37
34
34
60
8
43
76
14
23
15
40
34
52
17
23
15
34
23
11
58
3
43
78
30
30
16
61
30
61
22
10
61
15
61
64
61
63
56
40
63
5
11
56
27
73
22
59
63
1
19
31
27
25
31
63
29
63
15
63
26
13
28
15
38
15
43
37
50
33
5
15
15
31
32
78
5
4
51
78
32
78
50
63
51
60
7
15
5
27
11
26
1
51
31
11
18
73
15
29
55
63
70
76
17
76
71
71
10
76
71
39
1
74
40
63
11
39
50
61
51
37
16
27
61
61
16
15
61
37
22
15
37
52
20
74
52
74
20
34
2
63
23
23
34
34
23
24
23
5
29
43
5
5
58
0
38
26
37
44
36
30
28
22
75
2
49
33
62
37
53
6
36
64
22
70
34
45
30
61
22
6
14
16
15
51
0
28
42
5
73
63
8
40
63
62
63
10
27
62
63
9
56
26
5
58
15
15
65
15
50
18
15
73
63
78
16
5
78
5
47
7
47
23
5
15
51
27
5
15
15
5
5
4
5
79
15
49
60
18
15
21
67
47
27
13
17
71
71
39
67
15
76
18
44
15
49
15
61
16
55
75
63
74
15
77
16
76
71
41
38
2
55
27
34
75
74
73
18
30
15
18
74
34
34
3
34
34
40
23
34
34
23
58
77
49
49
37
2
22
76
13
5
22
22
52
61
69
61
22
38
22
6
62
70
61
6
70
61
15
56
63
26
27
9
63
26
56
78
53
56
60
27
63
63
54
60
8
63
78
15
60
20
15
15
15
15
15
5
15
20
60
47
37
15
16
28
78
15
73
51
78
15
37
15
31
66
60
66
15
15
15
15
63
27
29
5
26
76
68
47
76
71
71
76
71
76
50
39
43
39
50
55
15
57
61
31
49
15
10
26
48
48
43
26
41
27
39
15
34
20
28
55
51
20
62
41
34
53
52
34
7
59
34
44
40
34
23
34
34
34
58
52
61
19
36
9
35
26
59
25
59
22
64
21
32
15
22
10
6
22
6
35
22
6
51
70
70
15
40
60
40
63
60
26
15
56
73
31
63
66
60
15
27
65
56
15
15
15
15
15
15
60
15
56
78
15
60
15
15
60
60
60
75
60
5
60
28
15
60
40
60
11
7
60
73
7
27
15
15
65
15
27
33
31
66
15
28
41
10
41
41
30
61
15
51
20
67
40
26
65
26
55
51
61
15
15
16
53
57
50
34
15
26
28
2
49
8
15
51
33
18
25
73
20
34
34
34
15
34
54
34
72
34
23
34
58
